,Fp1,AF7,AF3,F1,F3,F5,F7,FT7,FC5,FC3,FC1,C1,C3,C5,T7,TP7,CP5,CP3,CP1,P1,P3,P5,P7,P9,PO7,PO3,O1,Iz,Oz,POz,Pz,CPz,Fpz,Fp2,AF8,AF4,AFz,Fz,F2,F4,F6,F8,FT8,FC6,FC4,FC2,FCz,Cz,C2,C4,C6,T8,TP8,CP6,CP4,CP2,P2,P4,P6,P8,P10,PO8,PO4,O2
Fp1,0.0,0.008058854295931471,0.007979419703018405,0.008176533390743299,0.009270332636530577,0.007913392476081237,0.00839405562420664,0.008092774146877618,0.008082328320093092,0.008083585832488784,0.00851124937047713,0.008261011686585145,0.008322195271033866,0.008307674476797096,0.008108456377703712,0.008238650485607015,0.008551592200760325,0.008653263003673606,0.008585249878245193,0.00928065538537094,0.0091425752419414,0.010947771656795682,0.008874929900760704,0.007982604309720948,0.008856444077715686,0.009442010051307613,0.009758677775678763,0.008397152999952577,0.00869487214969874,0.010653984282928172,0.010662651540522886,0.008505401721108263,0.0051052208839674875,0.007886424717610653,0.008896547019824431,0.007948171172514494,0.007950635095229855,0.00825431784484413,0.007989586841699415,0.008254487948693488,0.007908549373359722,0.007878646620066545,0.009168257849378794,0.008268005581205308,0.008911230466362783,0.007987438010791607,0.008031868901085482,0.008196498175644813,0.008085368522294883,0.009953269572440552,0.009815246984717472,0.00846658471175788,0.008395041324499726,0.008162596681277334,0.00839143624176851,0.00822453321265483,0.00865645900224648,0.008265189571054717,0.008186258666070862,0.008234874970068659,0.008707287980477749,0.00818162861066618,0.010355254615356703,0.008818936521242535
AF7,0.008058854295931471,0.0,0.00787496278557949,0.010644170916973552,0.011428352605973021,0.011959010959289657,0.010008256366076577,0.010509809699163387,0.012107655631626319,0.014473604035756543,0.014965889167444388,0.017437827359531182,0.014964160574366617,0.012080373254565848,0.009741432611437926,0.010866132676610334,0.01155537970748089,0.014659132680080707,0.017217439425851327,0.014012990114976719,0.011915084059598818,0.008812771981785988,0.00821722043656397,0.010720117721735,0.01173842550624938,0.00973613059961189,0.01168483970262154,0.012915304441076003,0.01370205398152961,0.012077618779222974,0.011383491977002638,0.01386061163108332,0.00820487892824828,0.003506317456756406,0.00414943974379834,0.0035934104275804845,0.010478727234398763,0.009024796476563618,0.008510307526081864,0.01090921519325757,0.0041888930872092936,0.006812921699502612,0.008270277196320723,0.007188133735209345,0.0084110653187503,0.01076067071458159,0.011933190232788434,0.014175621612625734,0.010877248069236602,0.008435136852249461,0.006338959928180928,0.00818275682882217,0.008555502556553294,0.006801194109484148,0.00764742066954327,0.010885544514694184,0.010916209037218214,0.008514914467825617,0.005909351344898946,0.007090283958934393,0.010316689820331895,0.009961211989173512,0.01111946193515379,0.0126319809128727
AF3,0.007979419703018405,0.00787496278557949,0.0,0.016367366438813397,0.01618787054859337,0.013945304199590954,0.011036917487175908,0.012087754110170084,0.014609589450373104,0.019452151336978495,0.01834532117417635,0.020463596225739882,0.01791617385694332,0.014358207225856687,0.010095546313328605,0.011787378431312839,0.012649520297154115,0.017273289000892915,0.020532910835902824,0.0175096814233252,0.013966414369955469,0.011595053594042106,0.011297050856923486,0.013050370845253272,0.013937442303234142,0.012015984287769333,0.01526581825131374,0.01696203324490272,0.016246254006154467,0.013697538027673479,0.014554750786737753,0.01727348214995836,0.010671303477297908,0.009534506575774702,0.009220544629801288,0.0058361124120893644,0.012949121415306492,0.016011356934242164,0.010713208687419248,0.008919486452364683,0.010131471136520524,0.007456396466525166,0.011109850168563591,0.01079621803875069,0.011640772547038878,0.01505910013928654,0.0163281290602427,0.017219604654314876,0.014207814962406957,0.01081876045536026,0.011587591031479688,0.010159618416932381,0.011082505426755235,0.008052794955852689,0.009638051691908981,0.013910624087436402,0.01169024773554807,0.009806491446465854,0.009507933441320627,0.011734552962227014,0.013424523142587968,0.011483302990359344,0.012876288570334864,0.014514935658618746
F1,0.008176533390743299,0.010644170916973552,0.016367366438813397,0.0,0.009073048111090304,0.008127105383191465,0.009811160509558775,0.009859944209166046,0.009135508788934427,0.011802938519373389,0.013779412580288244,0.017085601918136607,0.011648516880213044,0.010370072660631356,0.006063565079098239,0.009105754533936604,0.00985709004330006,0.014691955334707959,0.018184970980749147,0.01545789949073118,0.012311396341382466,0.007610041684308446,0.00917223100476463,0.011324768800946707,0.012678207183608483,0.010711914306330434,0.0121089321135903,0.013397187623892392,0.016048594706136232,0.014519834299900603,0.012826880998464742,0.013561270257514094,0.010195418635878932,0.009449782885793847,0.008704588171082609,0.008076606952668961,0.010967472175690765,0.004996623414868171,0.006749990317993845,0.00440554826022715,0.007052247985656322,0.009882157673835252,0.011185862936540204,0.009983322304672587,0.006208336561336818,0.011232697759408578,0.011423891402030662,0.014044497286317735,0.010907294814901486,0.008865016963555445,0.007107993853780197,0.008033268207346515,0.010023544480493576,0.0075143647398255515,0.008864135166651004,0.012727644388137695,0.011403871418122699,0.009826221712645005,0.008258064105112907,0.008433872613520375,0.011336114160411486,0.00968020162935104,0.012102121029316416,0.01390365285082719
F3,0.009270332636530577,0.011428352605973021,0.01618787054859337,0.009073048111090304,0.0,0.01333376285494399,0.012741683325416189,0.011126930256492031,0.008553229551843232,0.009130411223865277,0.01187088151266519,0.015728984100668295,0.013360050934457404,0.009394896735895629,0.010097779369187999,0.010432460172762953,0.011058211626282946,0.014851856321394795,0.016794674851521533,0.014171506877299879,0.012355781480581099,0.010670427004514529,0.009084093320231097,0.012801459037928847,0.012376402680097,0.010287753983680913,0.010555862800633507,0.013055712809935796,0.014653346816689039,0.013550734688183477,0.01050247575172282,0.012652167965727573,0.008755943572907304,0.007372521762858899,0.007244368862457615,0.006464842196513831,0.01276799774105728,0.007186633148728726,0.006524242848651648,0.005221229826718128,0.004678483753111052,0.008111925093419974,0.0087636665950504,0.006985277408924817,0.007479985268686951,0.0073564508143526474,0.009476778950248723,0.012233076306783783,0.009999229727916392,0.007302661648870726,0.007116236545775615,0.01121950681998832,0.009604843842963444,0.008862179546177172,0.008090895841630684,0.011340601819413133,0.011339501289429642,0.009826098698550518,0.00802394344347156,0.009444073154548248,0.0151716924491047,0.00909475807222747,0.012031597211289952,0.013351733212182365
F5,0.007913392476081237,0.011959010959289657,0.013945304199590954,0.008127105383191465,0.01333376285494399,0.0,0.01642172350170861,0.00934715504608422,0.012639807158408487,0.01418612785221009,0.013327829696983779,0.016629584186638124,0.015036399851391455,0.012580138549138463,0.006798155763715218,0.01078090303612894,0.011651603876610985,0.01560677033064396,0.017761562100501314,0.015043108889379037,0.012730269893185788,0.011623246325120701,0.007902060671262492,0.011189784139172087,0.012509293222936502,0.010418607184812348,0.012701191469919923,0.014276650978603924,0.01506511710755846,0.01352842434624221,0.01182864238641725,0.013337453912501001,0.008879030961564532,0.008291682881028807,0.00911666075175949,0.006072418067528347,0.007308882039045782,0.005506840753502348,0.007256044566244776,0.006001952695875472,0.0077259659959649256,0.007715916591027167,0.008225038022191593,0.00748562863317104,0.006877894324288015,0.00939445525284107,0.010310194107469924,0.013059659050560925,0.010354778625024002,0.00778604462928268,0.0065160146209905555,0.007560154460574652,0.008897003337672096,0.006665580891871177,0.0075835350042913275,0.010978427273411301,0.011218428435813707,0.008722962705526433,0.005894909498386733,0.007069296012342673,0.011884402169544771,0.009849645119502905,0.011883945810928104,0.014329134883617239
F7,0.00839405562420664,0.010008256366076577,0.011036917487175908,0.009811160509558775,0.012741683325416189,0.01642172350170861,0.0,0.010010299463086476,0.01409824073914008,0.010526271630392308,0.012719906644330228,0.015038150213251068,0.012981702872995545,0.011526897188563583,0.007063099807228739,0.011996924743017232,0.010935086708975774,0.013372956583421827,0.015712661467164542,0.013439102682973882,0.010104897726892156,0.012184854147763227,0.008283428579463167,0.008220580485992801,0.01218231747063332,0.01052106594656413,0.010095894435565406,0.012776809006935584,0.01327570515616591,0.011251048724645323,0.010697942790488782,0.012121236165662467,0.007886894135345953,0.005495456913798035,0.006524736373374462,0.007599637908801276,0.01230318845172594,0.007758626054033616,0.007186739382996443,0.005793133292653869,0.00852674747225436,0.004825800758715544,0.009185971415913636,0.008382072870089735,0.007020805923905842,0.010450844079922842,0.008143229968511512,0.012325300117413231,0.010578738487310108,0.008030624831229863,0.00829203790206141,0.005877951786339423,0.006654190552712902,0.007156148497864061,0.006581527192222513,0.010482132516204043,0.01064944781691651,0.009497163694167178,0.006261306061361068,0.007465468280495539,0.008756180308300754,0.010081754003093895,0.00905705417898117,0.012094713797303064
FT7,0.008092774146877618,0.010509809699163387,0.012087754110170084,0.009859944209166046,0.011126930256492031,0.00934715504608422,0.010010299463086476,0.0,0.013824697589577401,0.009425369778601712,0.010897014099469159,0.012269224578084645,0.011259524301671526,0.012924308445973018,0.008679119899107524,0.010960724304225216,0.011761451870421656,0.013139792206826572,0.015038992899923815,0.013404559502269743,0.01168879684575835,0.012762944477255213,0.008922055788128625,0.006798025485929879,0.012475076715881663,0.011006400121438513,0.011095098677608287,0.011502754295920653,0.012450086743557078,0.012937988850156755,0.01201837169559948,0.011898016824468012,0.006434595296403062,0.00694247669639969,0.007698257520299275,0.0059246176221030376,0.008528855799725914,0.0054949765317738345,0.0039917516143542315,0.004486996758072442,0.006428042680596291,0.00625031880577762,0.007699747574799527,0.007551851103422921,0.005364479587277023,0.00961132440005078,0.007160346728733398,0.011570824523026668,0.010043564705409812,0.007739078283451181,0.0072949567310659925,0.0052310677228898745,0.005230450416790947,0.005880248718604105,0.007641351171837385,0.010730304529970923,0.010921898374613902,0.009309012376229516,0.005774765923688588,0.006320947547405403,0.010986307761333943,0.008931578183706037,0.0106091183398591,0.012808612398642824
FC5,0.008082328320093092,0.012107655631626319,0.014609589450373104,0.009135508788934427,0.008553229551843232,0.012639807158408487,0.01409824073914008,0.013824697589577401,0.0,0.009598058062503006,0.007385974705170799,0.008883328811147385,0.009542385761558773,0.006340432601454203,0.006712689126735605,0.007499813482329623,0.010360570482416396,0.013097852961169651,0.014120816866648768,0.012613522345046852,0.008156921416326506,0.011323869117086417,0.007763350895796735,0.009282735425265318,0.011472784955231132,0.00978477721681844,0.006086180988341399,0.009769240600152832,0.013176693344336571,0.011012841198681228,0.006942015027988861,0.009913444346287352,0.006334978876594189,0.006681550618523509,0.007389813242396549,0.0065710476950734615,0.011282055635722769,0.00824507666788576,0.006440873342048255,0.004052641330892854,0.00757587867284552,0.00403113671685788,0.00931646609474815,0.008369427197442384,0.0032478547391644372,0.006283749466105437,0.005135517250516434,0.007012706225869028,0.008477900108216453,0.006423764399507252,0.006978950967738525,0.006785342592773946,0.007237769401276984,0.006740192675974081,0.0039029565437028804,0.01047393597639317,0.010795022714848352,0.009622706791636846,0.008374166938061738,0.009490947351737566,0.011611823353150306,0.007794928394388433,0.008975340170621376,0.012951391756037536
FC3,0.008083585832488784,0.014473604035756543,0.019452151336978495,0.011802938519373389,0.009130411223865277,0.01418612785221009,0.010526271630392308,0.009425369778601712,0.009598058062503006,0.0,0.009084945364762738,0.01106056506257922,0.011518059410143668,0.01066819837038658,0.006301866158241991,0.007484931658435908,0.010008913266390576,0.01545419366645248,0.015591373126887735,0.013850139446821483,0.01247307427255992,0.011206047989013089,0.007234713357099032,0.0093435680911387,0.011806102917625159,0.009843596256611692,0.010505359093502266,0.012156077934791263,0.01618833516672256,0.015009025988581316,0.010945189610714258,0.010480524013333726,0.009649525460365991,0.009145613336264785,0.009167618057183594,0.008663700027832634,0.01435346000981018,0.012572877046455194,0.00748543719117543,0.004719060347763529,0.008965067968862728,0.010307682257709588,0.009222033551634643,0.00848675210454868,0.0032823903155625965,0.008470724332107592,0.006097565675628044,0.010166694583778993,0.007812231633122954,0.006583596830923728,0.007772136232981038,0.007087669888024856,0.0065698492358137175,0.006889393570990113,0.006979817359443508,0.010322571258993043,0.010923332500188634,0.009740965457984653,0.007720771756712335,0.009735584103330806,0.012645307251673208,0.008032668025552555,0.01105447486799238,0.01414412763606498
FC1,0.00851124937047713,0.014965889167444388,0.01834532117417635,0.013779412580288244,0.01187088151266519,0.013327829696983779,0.012719906644330228,0.010897014099469159,0.007385974705170799,0.009084945364762738,0.0,0.01317913270059628,0.011253110805849226,0.009988261394705848,0.006690498732623529,0.007058196022532919,0.00822156342415532,0.015463296737937799,0.01885696655917249,0.014188607690496123,0.01073984443944538,0.01129899840747133,0.011990818858339457,0.01064610060414679,0.013090879806700989,0.008908716046685408,0.008815928827421573,0.011322398537962318,0.01569909943547057,0.011716560093428521,0.009259240030060673,0.012152773788653327,0.010899621343836449,0.010496716146628608,0.010364244139670943,0.010281975413192477,0.016274581593251836,0.013074411624677706,0.00812605851471401,0.006506121729136771,0.009321230527587647,0.009503550876150558,0.00959351298615621,0.010138291055931285,0.004118772356596979,0.008014303986312544,0.008701325479363704,0.010315913364878049,0.007771812302166811,0.003932388889497067,0.003167282910518572,0.00789129015370488,0.009415475539239231,0.00815833815260086,0.004298012607446407,0.011490611759453304,0.010667283303561087,0.00924945045637995,0.008778619794031366,0.010608457051819814,0.012564565746486999,0.00668481942132337,0.008993047390633512,0.014592030239526465
C1,0.008261011686585145,0.017437827359531182,0.020463596225739882,0.017085601918136607,0.015728984100668295,0.016629584186638124,0.015038150213251068,0.012269224578084645,0.008883328811147385,0.01106056506257922,0.01317913270059628,0.0,0.01085645408452293,0.007768713430952549,0.007470031460244191,0.008013663567210434,0.007024064020054256,0.016272202890981444,0.01774716206469606,0.015641425115773502,0.008633349573915327,0.010873909651046723,0.00978109999167124,0.009925979556780498,0.011220435179330888,0.009884411663707456,0.009150183393381105,0.016521758206071924,0.013682567428967505,0.013220580084379272,0.009084911790855549,0.008667014766146543,0.013946230726384831,0.013748139038432559,0.013557644860834321,0.014196792295108462,0.01986232706259091,0.017352135823275057,0.012494633913153776,0.012289444915951922,0.01258248474295905,0.00977808919157064,0.013637019232134603,0.00994840635966201,0.007497241884086967,0.008151096855847693,0.01424636584395426,0.007261068121005994,0.00898089227757754,0.005140254999586872,0.00994027026793999,0.007175784434129324,0.009084579131967271,0.005635884641968407,0.0048796959595035485,0.008890353253073203,0.013185244587972086,0.010493330974725015,0.006988586363870142,0.009016270700058974,0.014738754016684102,0.008136318544270358,0.011616984907196256,0.015436818893093578
C3,0.008322195271033866,0.014964160574366617,0.01791617385694332,0.011648516880213044,0.013360050934457404,0.015036399851391455,0.012981702872995545,0.011259524301671526,0.009542385761558773,0.011518059410143668,0.011253110805849226,0.01085645408452293,0.0,0.007895231592962687,0.008260263843543489,0.009087524061684372,0.008195187901527335,0.015435290622439906,0.012558510421746733,0.009535678309016768,0.009944023807242621,0.01090498948388674,0.00946510322535534,0.010920279963878076,0.007816041227001604,0.007124153839389743,0.005786063768116537,0.010255135087108838,0.01112682345059127,0.01251066788890054,0.0073567168301352445,0.010216131345250573,0.011320794799381478,0.010681090703835192,0.01034266560247732,0.010559532233323746,0.015862290190954812,0.010964008301461846,0.008266838048971756,0.009521849131766574,0.009168311401658049,0.00762082427225051,0.01133937300735841,0.0054954539517762056,0.005003010528868197,0.0056229479878730825,0.010467175910458476,0.008600719190682143,0.01058997341261654,0.004872867747187154,0.0045944565265069615,0.00868694815360876,0.007322430979009458,0.006491363244826039,0.005390545095201766,0.012484208538294466,0.01386848006350733,0.007962621707831624,0.008059837474908722,0.009174163957488681,0.012420145105628812,0.007932358638392187,0.011325042713238333,0.01047739998970607
C5,0.008307674476797096,0.012080373254565848,0.014358207225856687,0.010370072660631356,0.009394896735895629,0.012580138549138463,0.011526897188563583,0.012924308445973018,0.006340432601454203,0.01066819837038658,0.009988261394705848,0.007768713430952549,0.007895231592962687,0.0,0.007921088203955874,0.006067983681338636,0.008800203326618482,0.011021067724296934,0.011499613046840445,0.010443423601460028,0.008171839171456224,0.011216188887061843,0.009107511434270911,0.00790841374880028,0.011441390231521563,0.010087152671107628,0.005458436567986797,0.008218694060286705,0.012674889559652605,0.01143292331225308,0.006405460553438544,0.008099864525774408,0.00756513077065641,0.00805570712804155,0.007874549736815156,0.00752981068252258,0.012304271288071388,0.00948623939377576,0.008464178108674841,0.00456610488652663,0.0075569301306185705,0.007004014378806343,0.007429622394957366,0.007417295786738814,0.004862098143342367,0.00379429071561389,0.008194010592134182,0.008189226725818361,0.007409506458182107,0.0062337985842529356,0.004860833140423051,0.006850972226872719,0.009689803884941187,0.00912176985838291,0.0036556063590232352,0.009919780332521359,0.010806637525374599,0.01026254406635331,0.009141239629702907,0.009509107938366693,0.013217032708898735,0.005030490772152147,0.009321445537237122,0.012594840573554379
T7,0.008108456377703712,0.009741432611437926,0.010095546313328605,0.006063565079098239,0.010097779369187999,0.006798155763715218,0.007063099807228739,0.008679119899107524,0.006712689126735605,0.006301866158241991,0.006690498732623529,0.007470031460244191,0.008260263843543489,0.007921088203955874,0.0,0.01417319617386712,0.010965703334643017,0.010466476715530167,0.010410466253935189,0.0059147979330048586,0.00887231856596466,0.012536718731281593,0.007984297541809767,0.008186012496661834,0.007864665469037267,0.006446390510211264,0.006176842739913453,0.009836660294672634,0.008403180664501115,0.01014726934920646,0.007315313078390932,0.00988993752403111,0.007096055575817329,0.007316128538403334,0.007266758396425669,0.006528912785323337,0.007459118992445592,0.005793960709003747,0.004943804867806624,0.008072729067967752,0.006729290477801616,0.003637508298395606,0.007196951779793844,0.004271761256999375,0.008175769055371962,0.0051734722302183185,0.00798905551822163,0.0071277307847153176,0.008315995600329838,0.004030500041277342,0.003812672160985223,0.005190399766345688,0.004737453254805249,0.004863995639741489,0.003106542491602192,0.008178033386398111,0.01066850416733535,0.005183984186391086,0.00543457846084305,0.005305030642919788,0.0068141935581110665,0.004920789110838389,0.008474360083348354,0.0074192806427082455
TP7,0.008238650485607015,0.010866132676610334,0.011787378431312839,0.009105754533936604,0.010432460172762953,0.01078090303612894,0.011996924743017232,0.010960724304225216,0.007499813482329623,0.007484931658435908,0.007058196022532919,0.008013663567210434,0.009087524061684372,0.006067983681338636,0.01417319617386712,0.0,0.009356718927688558,0.010254195973589281,0.011730101005535433,0.011575481905006063,0.00896181215153272,0.014756276403585566,0.008588577941217484,0.00908927319694277,0.010650943714980963,0.01047445512179202,0.00553231205368629,0.011260421566609275,0.007553504910677077,0.009572942414175507,0.006730449829541785,0.009625285577813027,0.008046658957519054,0.009028000144640403,0.009443882500443666,0.00849319927433962,0.009782246494830052,0.00790752844082699,0.007201669320067868,0.009250776267820655,0.00905496072832552,0.004644772323072543,0.008087493626539221,0.004224669025195704,0.005378761503498032,0.005390314039092485,0.005897179238921938,0.007807385454745157,0.010642848619950568,0.006242859553921853,0.0038997367041178625,0.004649955690513194,0.003312260402896141,0.004623429920460671,0.0053543636799232505,0.010664713735795153,0.011632986540355356,0.008020497072641538,0.006268652583495361,0.006055604966008306,0.007954950244754625,0.0040795386961910915,0.00810790308142238,0.010403220136110444
CP5,0.008551592200760325,0.01155537970748089,0.012649520297154115,0.00985709004330006,0.011058211626282946,0.011651603876610985,0.010935086708975774,0.011761451870421656,0.010360570482416396,0.010008913266390576,0.00822156342415532,0.007024064020054256,0.008195187901527335,0.008800203326618482,0.010965703334643017,0.009356718927688558,0.0,0.01185814842067529,0.010457921435565563,0.011018394593403926,0.007586776599283453,0.010355111511475812,0.011617886947910662,0.008553385032224201,0.011268130663184345,0.011066725711899905,0.006178637450261086,0.010628998432414272,0.009930152564920363,0.012253662622002465,0.00919237400614594,0.00803384716361408,0.008334901007671428,0.008513167295377017,0.008210268445802022,0.007873418194005286,0.01212176485433826,0.00825836432251317,0.007762375723763584,0.007140636912933149,0.007842022781405743,0.006664118989769458,0.00855257491270127,0.00984076434388596,0.0056668436299682655,0.0076923293260299725,0.00834756463322002,0.006273442663048132,0.009692903481838041,0.005586632409859298,0.005058645810364522,0.004551658127095308,0.0065291498290834405,0.0074788670610854,0.0055687559633651644,0.009563296154957705,0.01303978183308709,0.011642629063244071,0.005831373289297282,0.007327895128091089,0.008656986233232813,0.0086603209350841,0.011433733614537754,0.01309293343675434
CP3,0.008653263003673606,0.014659132680080707,0.017273289000892915,0.014691955334707959,0.014851856321394795,0.01560677033064396,0.013372956583421827,0.013139792206826572,0.013097852961169651,0.01545419366645248,0.015463296737937799,0.016272202890981444,0.015435290622439906,0.011021067724296934,0.010466476715530167,0.010254195973589281,0.01185814842067529,0.0,0.011564529667753348,0.008134230013170098,0.007593133639344796,0.010071990632395438,0.011754596224284536,0.010585400064722382,0.006025922464154308,0.007266259398080326,0.0069361269482630765,0.012585990707512621,0.010728446596825494,0.014868991041914094,0.011547355063141172,0.007150355492521446,0.011052068316613038,0.011168052722135531,0.010763444928848696,0.011199542840352907,0.01659095118824733,0.013567210588578134,0.01160699287434853,0.010648749002340733,0.010415289481611622,0.009761212985030611,0.009484670436409201,0.00805769458604723,0.00992222215709321,0.00991257182809586,0.013928144349642506,0.012384046956348706,0.008928488134732248,0.007838815844827676,0.007942946963285938,0.00968738813446167,0.009728651088802548,0.007747709558460631,0.007686868549677661,0.009400333625500428,0.013089876281223527,0.008444260058005512,0.009028402128082742,0.008474831452582104,0.012589662921638647,0.010604261019987458,0.013944233948096898,0.010786580075728103
CP1,0.008585249878245193,0.017217439425851327,0.020532910835902824,0.018184970980749147,0.016794674851521533,0.017761562100501314,0.015712661467164542,0.015038992899923815,0.014120816866648768,0.015591373126887735,0.01885696655917249,0.01774716206469606,0.012558510421746733,0.011499613046840445,0.010410466253935189,0.011730101005535433,0.010457921435565563,0.011564529667753348,0.0,0.011180451907564296,0.010815625236103214,0.01088818841226465,0.010021671960292858,0.013502629191187315,0.009644937191897487,0.008782828944260804,0.010637165321588309,0.017707235843393978,0.01564714048647367,0.016574761617094178,0.012370489817515271,0.0070070276891999565,0.014204526349840315,0.014570800822401362,0.014428055877753426,0.01524035895836114,0.020693544800624075,0.019241523179779108,0.0161057263102803,0.014238551445714879,0.013924348540963043,0.01393636678824644,0.013557843703676848,0.012096807376924836,0.013389988146969655,0.015021368362175684,0.020151141942784383,0.017051033838255538,0.012938575335402155,0.009680503309779381,0.009964220436401355,0.011186785297668344,0.011785179929227157,0.00940733931786145,0.007389265229913673,0.006146407038047735,0.014339963548676697,0.009215672175461586,0.009009264408994674,0.009978397524717941,0.015824002751422546,0.011198499321914489,0.014215888605240996,0.014005275332239121
P1,0.00928065538537094,0.014012990114976719,0.0175096814233252,0.01545789949073118,0.014171506877299879,0.015043108889379037,0.013439102682973882,0.013404559502269743,0.012613522345046852,0.013850139446821483,0.014188607690496123,0.015641425115773502,0.009535678309016768,0.010443423601460028,0.0059147979330048586,0.011575481905006063,0.011018394593403926,0.008134230013170098,0.011180451907564296,0.0,0.009664806527942365,0.01177253017464551,0.009748131038279812,0.012125617640431711,0.007506805914345116,0.007244765779595878,0.00587750036601449,0.011575891456698942,0.009777543241928517,0.012951730011237403,0.009750467701644552,0.009715114252850116,0.011529889811201429,0.012141170595200899,0.012317012577313172,0.012792255162436074,0.01755227872088202,0.015743740847005548,0.013615037146990031,0.01218988731790441,0.012026299094088823,0.01111996825907662,0.011715604185709116,0.0076528472228665914,0.008795465158548812,0.01232328416636816,0.016863744103735617,0.014207119357499146,0.010176617357641868,0.007355707302805423,0.008525756763059516,0.005657188306807886,0.009759778953959936,0.006168952485687739,0.004727228793468434,0.008446680732471968,0.01380582695432556,0.005324410954401204,0.0077779327293192955,0.008785601436923095,0.014456871648004762,0.00912192140819112,0.010893833053722497,0.009376059075807266
P3,0.0091425752419414,0.011915084059598818,0.013966414369955469,0.012311396341382466,0.012355781480581099,0.012730269893185788,0.010104897726892156,0.01168879684575835,0.008156921416326506,0.01247307427255992,0.01073984443944538,0.008633349573915327,0.009944023807242621,0.008171839171456224,0.00887231856596466,0.00896181215153272,0.007586776599283453,0.007593133639344796,0.010815625236103214,0.009664806527942365,0.0,0.009902488558204746,0.011728003923408618,0.00770621577775156,0.00952816170698939,0.0087001640191935,0.006982674552799466,0.00837086080708411,0.010180606717083342,0.01342999817109472,0.013987613159260372,0.008074188243846172,0.008831784343081652,0.00945702315705983,0.00926966112493782,0.009022968071586169,0.013357788197861627,0.01181998861064195,0.01024828000359453,0.0060127776641346045,0.008651035956300044,0.006610537046802451,0.007982894408231397,0.008482369524344207,0.006177218730779197,0.006283203629193776,0.013056299617993565,0.007306232017058256,0.008618908612105907,0.0072792789856529275,0.004693545232640403,0.004294627335360525,0.008731072216240338,0.007741953594977784,0.008752365678572691,0.008512809670714397,0.013564981161812767,0.010125352017239839,0.00812594116031178,0.007071592261069304,0.010208704856040529,0.0062422731375916625,0.011778479086204404,0.010868357968641712
P5,0.010947771656795682,0.008812771981785988,0.011595053594042106,0.007610041684308446,0.010670427004514529,0.011623246325120701,0.012184854147763227,0.012762944477255213,0.011323869117086417,0.011206047989013089,0.01129899840747133,0.010873909651046723,0.01090498948388674,0.011216188887061843,0.012536718731281593,0.014756276403585566,0.010355111511475812,0.010071990632395438,0.01088818841226465,0.01177253017464551,0.009902488558204746,0.0,0.009656120025514301,0.014352459598897502,0.010359975371600131,0.010728635604063905,0.010625042097960278,0.013362571767477254,0.011566576065272517,0.015498580593422281,0.013420904580384472,0.00993683976052919,0.008893655547161481,0.008980548985610053,0.00980191827937241,0.008350530630768661,0.008992435117218785,0.0072821942441355855,0.010135676755813422,0.006443197003324863,0.007411090980796682,0.009559949739484909,0.010456112253347253,0.009459012116015022,0.009778316328077494,0.010549578690395894,0.01073207660225702,0.010473392029453445,0.010698418819658361,0.009958975703492932,0.009011434830271975,0.007585739574261641,0.00821108977881436,0.00844240522622166,0.009308903960464446,0.009732078513973784,0.013882847790612107,0.010392096394122995,0.004282711827307091,0.005174010771575365,0.00944726171553781,0.009262912876454404,0.014153969007372143,0.011513794522498998
P7,0.008874929900760704,0.00821722043656397,0.011297050856923486,0.00917223100476463,0.009084093320231097,0.007902060671262492,0.008283428579463167,0.008922055788128625,0.007763350895796735,0.007234713357099032,0.011990818858339457,0.00978109999167124,0.00946510322535534,0.009107511434270911,0.007984297541809767,0.008588577941217484,0.011617886947910662,0.011754596224284536,0.010021671960292858,0.009748131038279812,0.011728003923408618,0.009656120025514301,0.0,0.01093001327258304,0.013355465422286649,0.00961659484602139,0.012508716414823443,0.01309404692049877,0.013404568569921506,0.015233297285918703,0.013221118405757706,0.00982033212012707,0.009333693200251335,0.009078197357263843,0.00936813613408481,0.009555688964388418,0.009193206361290965,0.009843020829110849,0.007754144160895629,0.007439852762954657,0.008468194920797398,0.007676410131967813,0.0099758735574237,0.009796493235558815,0.007240971642780703,0.009866984503880792,0.009740726848147073,0.012170745102471694,0.010466745857640224,0.009944855446480619,0.007683091944581721,0.004383024220896786,0.00394778560154798,0.008958670426283014,0.009257180403326471,0.009327882508462868,0.012766383698267408,0.00861648890296816,0.006624814123671494,0.006505893755030576,0.005611377412532334,0.006253740188831485,0.014475926207445531,0.011484784418908166
P9,0.007982604309720948,0.010720117721735,0.013050370845253272,0.011324768800946707,0.012801459037928847,0.011189784139172087,0.008220580485992801,0.006798025485929879,0.009282735425265318,0.0093435680911387,0.01064610060414679,0.009925979556780498,0.010920279963878076,0.00790841374880028,0.008186012496661834,0.00908927319694277,0.008553385032224201,0.010585400064722382,0.013502629191187315,0.012125617640431711,0.00770621577775156,0.014352459598897502,0.01093001327258304,0.0,0.011417161668909184,0.009918330530572783,0.011084695343645971,0.019552729202967547,0.009451631453600775,0.007936454045459848,0.010543432260025467,0.013532468171193053,0.00879120233132541,0.009714133643244525,0.0096939623422507,0.010992221036116172,0.014397715223892394,0.009384471595869885,0.007789315960272487,0.009744098951168487,0.009574113844971286,0.005365912041175943,0.012326994456329163,0.008188854221709412,0.010161056094527719,0.010982435747484837,0.009653159179217743,0.009794286365070593,0.01226485652179679,0.007071195085683646,0.005354028004353341,0.008073689293062708,0.005089403997256597,0.003652321032698586,0.005838759100662591,0.012942919528743433,0.011630695164093858,0.006221969697669709,0.005164676875835725,0.004835310215117971,0.004721876772850594,0.005515874277191043,0.008694869264622778,0.010907617529216231
PO7,0.008856444077715686,0.01173842550624938,0.013937442303234142,0.012678207183608483,0.012376402680097,0.012509293222936502,0.01218231747063332,0.012475076715881663,0.011472784955231132,0.011806102917625159,0.013090879806700989,0.011220435179330888,0.007816041227001604,0.011441390231521563,0.007864665469037267,0.010650943714980963,0.011268130663184345,0.006025922464154308,0.009644937191897487,0.007506805914345116,0.00952816170698939,0.010359975371600131,0.013355465422286649,0.011417161668909184,0.0,0.010493745654981554,0.010429040921580441,0.012295241211904423,0.010054585370175315,0.012521298733672569,0.011876371722625657,0.007529395853665656,0.01000124184311621,0.011084694084344685,0.011592622311051626,0.011688101563221677,0.01458646410625508,0.013284197610924928,0.012626295780656233,0.01136400217852132,0.01158131496413241,0.011393004789228427,0.008450505565594025,0.01143101863655097,0.00819904479702224,0.012361615493993955,0.013757723074459651,0.01231065324126541,0.008739593187146726,0.011748691462877997,0.00894062067322745,0.005382581757563482,0.009167218946937757,0.009689050037821813,0.010063899536305508,0.009299974199291775,0.010100655728270357,0.0097487276731852,0.00807978615695393,0.006643951260391449,0.011262857573335694,0.010353828725157338,0.012605196515339706,0.007434540945934449
PO3,0.009442010051307613,0.00973613059961189,0.012015984287769333,0.010711914306330434,0.010287753983680913,0.010418607184812348,0.01052106594656413,0.011006400121438513,0.00978477721681844,0.009843596256611692,0.008908716046685408,0.009884411663707456,0.007124153839389743,0.010087152671107628,0.006446390510211264,0.01047445512179202,0.011066725711899905,0.007266259398080326,0.008782828944260804,0.007244765779595878,0.0087001640191935,0.010728635604063905,0.00961659484602139,0.009918330530572783,0.010493745654981554,0.0,0.007136462225530274,0.008861631589135135,0.006904585158497243,0.012210603489239628,0.006601151542250293,0.006484795639027074,0.008129443099950071,0.008995186994464695,0.009595979715352075,0.009599661292106102,0.012414825524817118,0.01098873189567632,0.01011982849593914,0.009235060146844536,0.00962915966442269,0.009113126855312105,0.009322775775128142,0.00564497606581921,0.006413172025247741,0.009383409971274147,0.011168748635783092,0.009792468975140809,0.007705531915366015,0.008769625758412966,0.007251800829267792,0.003577976518060324,0.008158627971439236,0.004622390648583595,0.005353195894126001,0.00697027543976882,0.011195323150970472,0.0036048029713592277,0.0068018339613068945,0.006673919133906224,0.01064013503226792,0.00908665757025663,0.01097409559683601,0.00950776659165374
O1,0.009758677775678763,0.01168483970262154,0.01526581825131374,0.0121089321135903,0.010555862800633507,0.012701191469919923,0.010095894435565406,0.011095098677608287,0.006086180988341399,0.010505359093502266,0.008815928827421573,0.009150183393381105,0.005786063768116537,0.005458436567986797,0.006176842739913453,0.00553231205368629,0.006178637450261086,0.0069361269482630765,0.010637165321588309,0.00587750036601449,0.006982674552799466,0.010625042097960278,0.012508716414823443,0.011084695343645971,0.010429040921580441,0.007136462225530274,0.0,0.011879105354201227,0.012812312908666076,0.012498378893053342,0.007112533377723098,0.009700599553811699,0.009664896603761032,0.011018222450577153,0.011395469623382117,0.011559350040824798,0.014685819104212825,0.013672710100999826,0.012027194895594649,0.007775285782247505,0.010496934729454104,0.008395506876547474,0.007400633888236668,0.00537393428627011,0.006115329089514139,0.007250856157724177,0.012292925763519282,0.00927915716410141,0.008582168493896439,0.00504544641037486,0.0044811903587098755,0.006279007937331674,0.00713569435701584,0.005143517513629809,0.004232854641735709,0.010750497973359913,0.009343870161051905,0.005117841688279772,0.0074832758875788465,0.009638173094988895,0.009861751696929414,0.00345457441134099,0.011472642048058798,0.008282466495981194
Iz,0.008397152999952577,0.012915304441076003,0.01696203324490272,0.013397187623892392,0.013055712809935796,0.014276650978603924,0.012776809006935584,0.011502754295920653,0.009769240600152832,0.012156077934791263,0.011322398537962318,0.016521758206071924,0.010255135087108838,0.008218694060286705,0.009836660294672634,0.011260421566609275,0.010628998432414272,0.012585990707512621,0.017707235843393978,0.011575891456698942,0.00837086080708411,0.013362571767477254,0.01309404692049877,0.019552729202967547,0.012295241211904423,0.008861631589135135,0.011879105354201227,0.0,0.013524383783452068,0.011994689845915578,0.00958520521018996,0.01456617195470324,0.011319915728458635,0.01213992723576886,0.012334839414590673,0.01292831451129861,0.017276130435263604,0.014009853227318812,0.012752265584007928,0.01233726190945564,0.011895765332895153,0.009633454067306632,0.011488772456116398,0.006341321602672597,0.007712450540509219,0.010299921805402706,0.012314417973090052,0.01307348367760927,0.013206767224829297,0.0065300175636526705,0.006163006440367069,0.006917940555393864,0.0072168987611796525,0.00687142737790175,0.005714921381873257,0.013589441660739662,0.013225301382592206,0.007302520031016738,0.00928163529759898,0.009941698291451034,0.014432490359080024,0.01033417318897434,0.011068101160961161,0.010811695998219155
Oz,0.00869487214969874,0.01370205398152961,0.016246254006154467,0.016048594706136232,0.014653346816689039,0.01506511710755846,0.01327570515616591,0.012450086743557078,0.013176693344336571,0.01618833516672256,0.01569909943547057,0.013682567428967505,0.01112682345059127,0.012674889559652605,0.008403180664501115,0.007553504910677077,0.009930152564920363,0.010728446596825494,0.01564714048647367,0.009777543241928517,0.010180606717083342,0.011566576065272517,0.013404568569921506,0.009451631453600775,0.010054585370175315,0.006904585158497243,0.012812312908666076,0.013524383783452068,0.0,0.013449429207869297,0.012672575087034309,0.011715631104966035,0.011050770457682997,0.011613054538600799,0.01169456381078397,0.012744355782271235,0.01697401098942926,0.015527692514812364,0.013026341966039332,0.009925261314307784,0.010790981060330945,0.011312346431227104,0.009414341136586008,0.008188940616323019,0.00834277776360745,0.013835182121101809,0.015499296143518028,0.014958049254551449,0.008925793890632718,0.0088837900148786,0.006058926202619649,0.00778181716049272,0.009220727417764868,0.004340110708812427,0.008051956813791365,0.009971658298011046,0.0073013320718718615,0.005569116309640679,0.008482820639310211,0.009522263158083277,0.010642090077940184,0.007980154164861232,0.01344894331027906,0.006114197099856479
POz,0.010653984282928172,0.012077618779222974,0.013697538027673479,0.014519834299900603,0.013550734688183477,0.01352842434624221,0.011251048724645323,0.012937988850156755,0.011012841198681228,0.015009025988581316,0.011716560093428521,0.013220580084379272,0.01251066788890054,0.01143292331225308,0.01014726934920646,0.009572942414175507,0.012253662622002465,0.014868991041914094,0.016574761617094178,0.012951730011237403,0.01342999817109472,0.015498580593422281,0.015233297285918703,0.007936454045459848,0.012521298733672569,0.012210603489239628,0.012498378893053342,0.011994689845915578,0.013449429207869297,0.0,0.009150179376133593,0.011955695387925158,0.010172767772420613,0.010767952846004368,0.011487093963977164,0.010977966439226862,0.014599974184665077,0.013636805547307715,0.010806080362232193,0.006929661183419412,0.00983389053715011,0.008193763401494625,0.009801637062508627,0.008791760401438227,0.008479526069823827,0.009959350978680176,0.013455481597432022,0.010624540541064922,0.010106559358652324,0.007993152533337267,0.007913601223818461,0.008985603217750644,0.012028688659614374,0.006326092873213337,0.006938011057705515,0.011502632563280171,0.006699898648176968,0.004939144847761935,0.009653463885342065,0.01080586570608161,0.012336928886443332,0.006302028857359118,0.008503828000025325,0.008275346407771939
