,Fp1,AF7,AF3,F1,F3,F5,F7,FT7,FC5,FC3,FC1,C1,C3,C5,T7,TP7,CP5,CP3,CP1,P1,P3,P5,P7,P9,PO7,PO3,O1,Iz,Oz,POz,Pz,CPz,Fpz,Fp2,AF8,AF4,AFz,Fz,F2,F4,F6,F8,FT8,FC6,FC4,FC2,FCz,Cz,C2,C4,C6,T8,TP8,CP6,CP4,CP2,P2,P4,P6,P8,P10,PO8,PO4,O2
Fp1,0.0,0.0012272952568485147,0.0011573949584669208,0.0011501369102400372,0.0011465195152452763,0.0011775915129480657,0.0012035744360490812,0.0012432670676918577,0.001248666395487596,0.001176304746107299,0.0011616287716305113,0.001340581485040841,0.001377040302055012,0.0014347037973046783,0.0012262452711291633,0.0012832925838015576,0.0016719748473696078,0.0016716447274221235,0.0017458162824663663,0.0023584039974331437,0.002161165042216212,0.0017751454687271418,0.001439006811316971,0.0012479076617062982,0.0016327256040495248,0.0024951588565224232,0.00173498463491929,0.0014116736108254581,0.0018727303515350103,0.002490792786012131,0.0021365729766078465,0.0015822214021572764,0.0012465165762008791,0.0012170838829131023,0.001184279588201301,0.0011624564453787706,0.0011972338333952033,0.0011577893624900948,0.0011450287831859115,0.0012471786326100247,0.0011386328882385369,0.0011698659687666884,0.0012022430186408696,0.0011061942893242037,0.001149060489812402,0.0011286922318148168,0.001135792413288295,0.0012893125335195184,0.001215085628066952,0.0012195983329397358,0.001215620029022153,0.001129164124921286,0.0012831477293076018,0.0013913020213121748,0.0013976956694792958,0.0014928144521109974,0.0019400781939965608,0.0014942153149056223,0.0014727092807361433,0.0015546889297966208,0.0017475554769300014,0.0012737720589326132,0.003317383137341059,0.0019542402952990572
AF7,0.0012272952568485147,0.0,0.005031183941973364,0.007375150197426117,0.007700784148969404,0.007657862644315445,0.00411975138794017,0.006545093208345016,0.005650225147160705,0.00810856659591314,0.008794805161209871,0.010611637304315809,0.010481406655716235,0.006409261185734045,0.005942429014963573,0.006582545952835375,0.006685763928486606,0.009725795488561933,0.01097614910986314,0.009111001289235657,0.007166691924787082,0.00653956970622499,0.006845397124390877,0.0073583137428209384,0.0072702040827667255,0.005415532951250554,0.007672015103542587,0.007864235885967387,0.009955131387100576,0.009501973363599273,0.0068205852080850254,0.007382284209326009,0.0039513135061354406,0.0022280876209259926,0.0026631712486587756,0.0025870306358316934,0.0059015231608555,0.006250000147263586,0.004151639080051157,0.003170004375771196,0.002767212032645617,0.0026074443072979622,0.003911495680968958,0.002805925587394529,0.0036099128798896887,0.005096928046929906,0.007205406057127095,0.007732448738757283,0.0056755574990244115,0.003698074803456349,0.003106191489006653,0.004341461430579972,0.006093004800833086,0.003979883312065888,0.0036443803542441553,0.005238104505554317,0.0062428303629410795,0.004763979366409006,0.005479337766689866,0.0067275802134609645,0.008890251837816474,0.0061487515893536545,0.008623813712296566,0.007970607999658881
AF3,0.0011573949584669208,0.005031183941973364,0.0,0.008689665565386712,0.008412235714149391,0.006564982557756294,0.006313856623567016,0.00583991838917527,0.0064937455895252615,0.009524200521456678,0.010948672723749015,0.0132333660329625,0.012249394182492788,0.00696275519994339,0.0051019096234799,0.00605329646109108,0.006931904834737873,0.011548359195858489,0.013249706900042051,0.010903991005004401,0.008211217497130642,0.006540313620567557,0.00688918978113657,0.008166642021729864,0.007711262064599866,0.00591675041477129,0.008832447177729743,0.009567980449629442,0.01159973485277978,0.01020336447812916,0.007604823609766927,0.009021573317213935,0.006786473600670332,0.0040034849500406745,0.0040005924709043085,0.002247057613623325,0.005017289334095758,0.007538134802950119,0.0050289024170346065,0.003749497791601175,0.004101094601377458,0.0037222114167935636,0.0044102265742660025,0.0036245783769752577,0.004400495014365388,0.006528021116715092,0.009504660908402265,0.009895237391342921,0.0071093512904019445,0.004554107442516677,0.0036542857361495963,0.004861374045780684,0.006143862768046786,0.0038443269852062954,0.004132301151262438,0.006177333785684111,0.006611119488404426,0.004672785701978465,0.005083617786439454,0.006517522839094324,0.009173586731954588,0.006269189296429287,0.009183529315255377,0.008823648020600747
F1,0.0011501369102400372,0.007375150197426117,0.008689665565386712,0.0,0.005302283601335094,0.006061120077595313,0.006698277956134298,0.006088370371431807,0.004657860623745238,0.00641248642529898,0.009047297413164207,0.013248260926595888,0.011256882118458359,0.005536121450218993,0.005220001349745558,0.0061776695879805395,0.006287577541536931,0.01095067069697504,0.01332157472967087,0.010724722398961578,0.007751850159041578,0.006551425145756706,0.007161560252390646,0.008682142979002473,0.007594074754079102,0.005321126384993479,0.008622386747465448,0.010285990127340976,0.012021387608009304,0.00977871882707942,0.007705019428998423,0.008776007917005267,0.006734166088965484,0.005418630966016052,0.004907648563988584,0.004437350278922113,0.00891700667075055,0.0027144617628583403,0.0021843147050188815,0.0034398647475313332,0.004458798184507731,0.00560018383067316,0.005586205880940685,0.003993628212550226,0.0035840472809813475,0.004139016167852166,0.007068320725212062,0.008982333038183056,0.006209617190906493,0.004158608748840954,0.0037922867296578625,0.005580770875850426,0.006335913292700643,0.004055082454013018,0.004005842291529341,0.005936855269817358,0.006667433832659256,0.004744878531827225,0.0049348987350602514,0.00628585619033571,0.00977395161319287,0.005848545505933648,0.00889391414481729,0.008890820182878791
F3,0.0011465195152452763,0.007700784148969404,0.008412235714149391,0.005302283601335094,0.0,0.006501792920778165,0.007771879354358962,0.006931988619846521,0.004922413801353425,0.005629741448056918,0.00719355902443012,0.01040661713719176,0.010492183322305521,0.005478834658758948,0.005561802136380461,0.006339090887965688,0.0063462325357576494,0.01043927329484313,0.011059400458320906,0.009472507095242269,0.007593479428768967,0.006492489192160197,0.006923789755283637,0.007948856801593419,0.00727777064398638,0.005122920162670429,0.007759456048436848,0.009133068369816796,0.011061555128111909,0.009753165562256935,0.006705036913512408,0.006898666342534674,0.005357589956820344,0.003676813100078939,0.00375203049244446,0.0033037913149727978,0.0066764803642569695,0.004074239712116324,0.002427162322005669,0.0026958327968981894,0.0036147718722862195,0.004604341527649733,0.005241143075442011,0.0035172533824529505,0.003066444898680484,0.0037828868150112703,0.005790474194315402,0.006852807444017771,0.004920011981180013,0.0034744666196900847,0.003517191516773329,0.005597001888648739,0.006663789707353736,0.0040169871073079426,0.003501111242598561,0.004934932427202074,0.006264069461375694,0.0046810111599145,0.005147658560881307,0.006703222250302975,0.009649934804025087,0.006206161989110522,0.00904174935980698,0.008530974631957124
F5,0.0011775915129480657,0.007657862644315445,0.006564982557756294,0.006061120077595313,0.006501792920778165,0.0,0.010939222323012662,0.006605847020630595,0.007245445886004627,0.009468605534212172,0.008742866752709131,0.010937055550152702,0.01216642232027676,0.007155019230497027,0.005958549647692472,0.006758860449638786,0.007053858164245837,0.011034679690830804,0.011385731384717962,0.009795344466930624,0.007816725258258309,0.006342364808710258,0.006773911142041181,0.008499960196904001,0.007857303075095466,0.005767588159397268,0.00834525600678528,0.008848086194920996,0.01118601994885947,0.010224810775941411,0.00662955847892287,0.007069065392589668,0.00458336541491868,0.0033822444891960794,0.0035323340947911027,0.002280461050421069,0.004457020038942654,0.004488605782737264,0.00329068753762286,0.003134057844406505,0.0029050344030966064,0.0034797957578148655,0.004277333034899088,0.003171976558736956,0.003309916582143996,0.00447155477477102,0.006693297091208136,0.007316892652533087,0.0050211021828614555,0.0033427263336084237,0.0030325797620967725,0.004676077842141783,0.006166051872196028,0.0037127159496014384,0.0032815614946305896,0.004808838001073193,0.005987673698827525,0.004555110652003948,0.005179583072394851,0.0065716408771978865,0.009660102216613316,0.006491538885576882,0.009166087276931486,0.009256447435781074
F7,0.0012035744360490812,0.00411975138794017,0.006313856623567016,0.006698277956134298,0.007771879354358962,0.010939222323012662,0.0,0.008107778770922822,0.008015717777005955,0.008468069309636898,0.007987517208002913,0.009507806771423953,0.009699771069964844,0.0062528392177847334,0.006672613193333296,0.007810825822079616,0.0066689689490113885,0.009128453205836709,0.010137607911818506,0.008643118807733316,0.006913355965341582,0.006892139118777273,0.007289338947466809,0.00774642821115307,0.0073761962815885405,0.00557439387585639,0.007471375229538889,0.007284411995786659,0.009605026097915687,0.009453426873867013,0.006713697996591284,0.007053494305285098,0.0033591021288304672,0.0020453449371733053,0.0025909450004244997,0.0034782327876543787,0.005920793878564972,0.005630104767432032,0.00448634938854285,0.0038178954711075245,0.002997108358230488,0.0027377284439761853,0.0038606290554744982,0.002844940993076906,0.004117162706401756,0.0053032213934840885,0.006573014054344517,0.0071412177734342126,0.005710001190696075,0.004010125622401715,0.0029026505378690146,0.00473142043365977,0.006014055673918173,0.004322921420118329,0.003953714630209856,0.005321701347489148,0.006308121051893829,0.005051098645971522,0.005719946011259017,0.006577054715607395,0.008604100443839196,0.00648927058053788,0.009020918799866851,0.008142926577492429
FT7,0.0012432670676918577,0.006545093208345016,0.00583991838917527,0.006088370371431807,0.006931988619846521,0.006605847020630595,0.008107778770922822,0.0,0.010866695486419258,0.0080806895540042,0.007350026647557451,0.008701266908083535,0.009066528300005743,0.00754330860866956,0.007994628556330239,0.007628834923844863,0.00674853512416755,0.008547551312746527,0.0093478008982919,0.008337819124435042,0.0066310112305666,0.006888169278853717,0.007851231005942868,0.007729807395616436,0.007763823874750509,0.006096711243128784,0.007497428143674703,0.0072286227147112265,0.009579114056547497,0.009875804713325996,0.007130492054825163,0.007025837090500245,0.0038647833706176964,0.003012002726758665,0.002372669019000713,0.0029827121070787094,0.00387384720805478,0.005123340680625443,0.004249933967138381,0.00368347354273175,0.0027694986715367507,0.001927095217007512,0.0026911347111432137,0.0023219121496777335,0.0037704002390993863,0.004999658357108117,0.006278032746014791,0.006908778807719978,0.005431153684067344,0.003826042660045129,0.002798197247300913,0.003407498418180834,0.004906925910149844,0.0038983682837535924,0.003704282307646204,0.005315017392879679,0.006453743307457102,0.004925276313578954,0.005280492825731086,0.0061075026017682445,0.007207886207773868,0.006013360634864173,0.009029465467736739,0.008046666071463333
FC5,0.001248666395487596,0.005650225147160705,0.0064937455895252615,0.004657860623745238,0.004922413801353425,0.007245445886004627,0.008015717777005955,0.010866695486419258,0.0,0.008744092135022486,0.006311337167609187,0.007994454365308294,0.010793597348446444,0.0058731362652597995,0.006285109923116442,0.006406266209402293,0.006532353035750923,0.00954761214561821,0.008873827824774496,0.008048586411634282,0.007033551938081739,0.0064777908893522635,0.006635244516415136,0.0073712164284912484,0.0069702398736905275,0.005214638543079455,0.006979823792468935,0.0077725116464968155,0.009848733781171582,0.009980208693559225,0.006297284940950079,0.005614143774199974,0.003909937604692819,0.0030412443954065138,0.0032671649680343306,0.003258041579072623,0.006111459820650022,0.0039975160581892785,0.003097489340128721,0.002957967249973037,0.0030618902678589462,0.00320791748414519,0.004060406911000872,0.0030124882967193516,0.002795514222050432,0.003464290287820241,0.0047473450125221995,0.005303326104773447,0.004040043739674179,0.0028002258961040347,0.0026694894624005663,0.004440475759402885,0.005676308785419532,0.003767428084501539,0.0031918342758742832,0.00428783054110874,0.006266988542887255,0.0048650755450106165,0.00533956687056597,0.0063993226560487785,0.008191933061422794,0.006100463144100609,0.009292674911510807,0.008508008325259999
FC3,0.001176304746107299,0.00810856659591314,0.009524200521456678,0.00641248642529898,0.005629741448056918,0.009468605534212172,0.008468069309636898,0.0080806895540042,0.008744092135022486,0.0,0.005577788637389359,0.00845724005808091,0.011459545339637124,0.006398646067422862,0.005911491292131736,0.006425641579923466,0.007029219872585368,0.01170961097833577,0.010694175812150713,0.009337848257180986,0.008089045145029321,0.006572756343774735,0.0068416887034151224,0.008052832585387009,0.007284284998713387,0.005104886614126272,0.007790436494769912,0.009758496769731968,0.011767649360483998,0.010418950614210432,0.006458831751014922,0.0058169695924852795,0.006682732729529454,0.005439939350511635,0.005370800755957462,0.005042434380808966,0.008978002163794756,0.0055628209679890175,0.003898897397697765,0.003891788193347825,0.004685295799077765,0.005928265622145794,0.006297807588950203,0.00420902346745115,0.003092793959748409,0.0034117464711887814,0.005396492934202321,0.005433964088250953,0.003685331473099091,0.002812104971207853,0.003788544907251856,0.006190216795389854,0.006988986578845989,0.0042199166278065305,0.0031488902163279344,0.0041639289316929605,0.006323889488123095,0.0048624960100363815,0.0054361879962829904,0.006976206692389178,0.009921047073657653,0.0065466922960419754,0.009475609813843757,0.00938597904819062
FC1,0.0011616287716305113,0.008794805161209871,0.010948672723749015,0.009047297413164207,0.00719355902443012,0.008742866752709131,0.007987517208002913,0.007350026647557451,0.006311337167609187,0.005577788637389359,0.0,0.012569805872604747,0.011831647256599775,0.006306036604583466,0.005726949478864075,0.006344845567598464,0.0066848220928815375,0.012255334344752246,0.01413755608787312,0.011041851086542692,0.008218184944846588,0.006607483561579844,0.007209972067392307,0.00906868675036063,0.007595159844123003,0.005171972496728076,0.008857687058425809,0.011177552148258664,0.012731503937059433,0.010463194474183172,0.007314512394924658,0.00779059716179909,0.008400324788187051,0.00741309740550198,0.006841353166979788,0.00696642484620672,0.011739946037353136,0.007392527872570601,0.005050459380120063,0.005295380102361013,0.00601835317800589,0.007199130884063649,0.006922176314743295,0.0047723053726895035,0.0034460512223648027,0.0028153861511010193,0.004666583247979939,0.006543423394283917,0.004017312405417355,0.003112244321055311,0.004016076332323466,0.006337038520417007,0.006890929249879012,0.0041575994025546655,0.0034492620201623564,0.004889037109700273,0.006570752194706764,0.004794600063217405,0.005142827451279197,0.006751889817911278,0.010232458023745004,0.006337739688905509,0.009150026141901291,0.009500521773936238
C1,0.001340581485040841,0.010611637304315809,0.0132333660329625,0.013248260926595888,0.01040661713719176,0.010937055550152702,0.009507806771423953,0.008701266908083535,0.007994454365308294,0.00845724005808091,0.012569805872604747,0.0,0.0077779075206325125,0.006550114981055989,0.006161066885396568,0.006232385447599679,0.0067943063960999115,0.012527292180401087,0.012578973826028385,0.010671913553408276,0.008672607199177762,0.006625699262242653,0.007006098082352404,0.009406700272861388,0.007645080569970996,0.005139969336517012,0.008803200422601734,0.012396033296249808,0.013649737197685733,0.011985484696852447,0.007290533364464975,0.005076954320673744,0.011288720606211158,0.010517084643470863,0.009960295216204885,0.010548403334920796,0.01517597057588386,0.013483965304554103,0.010507937033276675,0.009147988828118509,0.008978940225770199,0.010000247155722163,0.009442532002999278,0.007342455492401873,0.006463019009933941,0.007941969118486934,0.013078964390139045,0.0062796755696312824,0.0037271491401200856,0.0034390666405151285,0.005583783428469296,0.0077303903072199285,0.00790339659137543,0.004951621131290833,0.003534740771664546,0.00394811142217366,0.0075298286101401005,0.0054041178022576864,0.005730403398486431,0.0071750395447156895,0.011024177313860956,0.006580199716396407,0.01003389302819126,0.010686250501058828
C3,0.001377040302055012,0.010481406655716235,0.012249394182492788,0.011256882118458359,0.010492183322305521,0.01216642232027676,0.009699771069964844,0.009066528300005743,0.010793597348446444,0.011459545339637124,0.011831647256599775,0.0077779075206325125,0.0,0.007391400647878095,0.006175980068293837,0.006009141127037642,0.0073766455849447144,0.010461838005405845,0.005733178078946489,0.007054362876845237,0.008335662986763987,0.006716572736971441,0.006542769669933572,0.008004985236105043,0.007053407297610085,0.005176684415744044,0.007052629282853228,0.010318141275451526,0.012005078421715464,0.012240587283092488,0.007335772909359095,0.00532315513603577,0.009635883516893998,0.008622891136388757,0.008113473843324363,0.00839027407326046,0.012697665885728633,0.010301773540323371,0.008278269848875478,0.007452948816563275,0.007325543546575489,0.008398347860561088,0.00823551437737977,0.006553561687443386,0.005534309091363116,0.006661842666813308,0.00992078022093548,0.00710620793920833,0.00478938996223333,0.003631442533558241,0.0054946964468728906,0.007608017039755325,0.008136493260859733,0.005574580569163221,0.004030819521718518,0.004691174088751421,0.008214049040371494,0.006166413096843697,0.0063478603049227115,0.007361082327114675,0.010058874302679766,0.00690256264460382,0.010917379248749914,0.010181097365258775
C5,0.0014347037973046783,0.006409261185734045,0.00696275519994339,0.005536121450218993,0.005478834658758948,0.007155019230497027,0.0062528392177847334,0.00754330860866956,0.0058731362652597995,0.006398646067422862,0.006306036604583466,0.006550114981055989,0.007391400647878095,0.0,0.0071306956075355594,0.006249808270834182,0.006280790507775424,0.007601850314130797,0.0063570491403546455,0.0063113328413373915,0.006921236183903196,0.006361594227956786,0.0061064413355073335,0.006451362844602506,0.00648295607104477,0.005222092148175192,0.006048033425503623,0.007095330592205579,0.009053521956150893,0.0105734290009574,0.006431942689397402,0.0047902894883980794,0.005397021652114295,0.0046435436405365856,0.0039654360853760996,0.004107140955488503,0.007016677858585397,0.005002900599624957,0.004167526048650736,0.0037855158767677536,0.003729973828572996,0.004290654359195929,0.004271074574139751,0.003244793916958706,0.0029740189583403625,0.0038070432106304896,0.00529771692148385,0.004851150581013626,0.0036143284809119756,0.002385041651470794,0.0030967826741339194,0.00463659110846812,0.005474951896476463,0.003764680352501376,0.002977267545964008,0.003925973039719538,0.0069729162735688065,0.004995351594371988,0.005102005910595144,0.005664798560108454,0.007142456271065235,0.005732203084350781,0.009757024409734399,0.008711565844607515
T7,0.0012262452711291633,0.005942429014963573,0.0051019096234799,0.005220001349745558,0.005561802136380461,0.005958549647692472,0.006672613193333296,0.007994628556330239,0.006285109923116442,0.005911491292131736,0.005726949478864075,0.006161066885396568,0.006175980068293837,0.0071306956075355594,0.0,0.010102890287201254,0.008157900359311932,0.006992946285006433,0.006506994366584838,0.006562641838287287,0.006644588151020566,0.007852098741886318,0.007510274761539417,0.00624823454782409,0.007209312571902586,0.005693709044970111,0.006131990743838651,0.006218804621803852,0.007137582092469677,0.008867133206770484,0.006529604969000166,0.00561412379637063,0.004104804504161108,0.0035646938427176017,0.003088944240784732,0.003382993157292415,0.004375875516814142,0.004694440703802037,0.004178397174805168,0.0037440817877334985,0.0030075449738517605,0.0025253928945576736,0.002436115185482913,0.0025777083963108164,0.0036751241726784307,0.004497589325808314,0.005265540322883325,0.005443713756673787,0.004801673175947514,0.003515621770583923,0.002645279481535673,0.002538089008602959,0.0032185242934630325,0.003250296620607264,0.0035575787478637215,0.004830867994308731,0.006439658910771066,0.004751879467355823,0.004395085661027715,0.004128054039688117,0.0042972933942452786,0.004446044317637699,0.008150855924889623,0.0058193844068136135
TP7,0.0012832925838015576,0.006582545952835375,0.00605329646109108,0.0061776695879805395,0.006339090887965688,0.006758860449638786,0.007810825822079616,0.007628834923844863,0.006406266209402293,0.006425641579923466,0.006344845567598464,0.006232385447599679,0.006009141127037642,0.006249808270834182,0.010102890287201254,0.0,0.007060401300864219,0.006076321858394732,0.005988426952678559,0.006077079011982279,0.006321556493727941,0.00871257389524657,0.008008667223516817,0.006527577443931801,0.0075376400198735195,0.0058461150186269045,0.0062233321638550994,0.0074729842937350304,0.006615291250171447,0.008578679913741666,0.0072855357656499125,0.0058594822418646525,0.005578414364431024,0.004920226591279482,0.004376283803914946,0.00469423301368871,0.005695276076651323,0.005845193595496283,0.0053580337734587926,0.004856171807137599,0.004159237367067694,0.0040026417694770805,0.003696508427732746,0.00352275922450393,0.004549810068768297,0.0054118039631357116,0.006026724890893165,0.005864446114425295,0.005432055642571088,0.004032768420393495,0.0031496451182248184,0.0029904627921421303,0.0026180500333296483,0.003109609590870496,0.0038017094957828665,0.005321938879684893,0.007319518753568788,0.004448770111714675,0.0034453914645986086,0.00281407297096423,0.002910370591040168,0.003445279518509187,0.007638671837436584,0.00570415164517761
CP5,0.0016719748473696078,0.006685763928486606,0.006931904834737873,0.006287577541536931,0.0063462325357576494,0.007053858164245837,0.0066689689490113885,0.00674853512416755,0.006532353035750923,0.007029219872585368,0.0066848220928815375,0.0067943063960999115,0.0073766455849447144,0.006280790507775424,0.008157900359311932,0.007060401300864219,0.0,0.0063722700005944535,0.006038698163108305,0.006199800870734485,0.005996596030189975,0.005705873175243333,0.0056336970051690536,0.006185493939621905,0.006548928580978008,0.005375590104169458,0.005384140533092554,0.006321297491819437,0.006981407600031762,0.010461715327835287,0.00786065435792409,0.005304843834761094,0.005887868649885138,0.005071720270775904,0.004437899565677784,0.004537181031523114,0.0069138924364354325,0.005725027474722876,0.0049793680814334395,0.004512049159372146,0.004299759742289018,0.004517317457186651,0.004496997128537559,0.0040835612552154585,0.003774003194469812,0.0044569320402373545,0.005839865750686983,0.005341197436748484,0.004180404178009618,0.0029231005992472613,0.0034626525249610123,0.004070311154013996,0.003956292380466049,0.0031535559694303235,0.0031600933975469312,0.004473212674478693,0.00815507291388523,0.004891603407698851,0.004078479762248766,0.0037846640139548226,0.004496425626683221,0.0039689551771753115,0.009374232748811282,0.007914356870402045
CP3,0.0016716447274221235,0.009725795488561933,0.011548359195858489,0.01095067069697504,0.01043927329484313,0.011034679690830804,0.009128453205836709,0.008547551312746527,0.00954761214561821,0.01170961097833577,0.012255334344752246,0.012527292180401087,0.010461838005405845,0.007601850314130797,0.006992946285006433,0.006076321858394732,0.0063722700005944535,0.0,0.007136318912212666,0.0049588247148342635,0.006191412277998616,0.006506053283882199,0.006343636311233637,0.0067423728393745065,0.006802090305477503,0.005656575517380425,0.005549316269574174,0.008942891977355866,0.010206629093909013,0.012524147972949966,0.009255152835483909,0.007211434652327713,0.009456881146291115,0.008513893196463077,0.0077786098262420285,0.008326744597775266,0.012099345512909556,0.010294811861959397,0.008576492532811144,0.007564475078053847,0.007249604835544087,0.00793075021347389,0.008027537632097416,0.006575478430778652,0.006169318280131139,0.007491938514332082,0.01038026582890905,0.009037831983667042,0.006065347659389489,0.004407624630874798,0.005593611407625744,0.006829586808270814,0.0067516747436011946,0.004957640191236211,0.004240920090589555,0.005570627812298616,0.009773095063642484,0.0063204451594621675,0.005420222548411765,0.005774137737303775,0.008189370939172026,0.0053479457995805404,0.010618391409222518,0.009767485011902213
CP1,0.0017458162824663663,0.01097614910986314,0.013249706900042051,0.01332157472967087,0.011059400458320906,0.011385731384717962,0.010137607911818506,0.0093478008982919,0.008873827824774496,0.010694175812150713,0.01413755608787312,0.012578973826028385,0.005733178078946489,0.0063570491403546455,0.006506994366584838,0.005988426952678559,0.006038698163108305,0.007136318912212666,0.0,0.006306020335171069,0.0077619840300538435,0.006758972370746756,0.006850217262970289,0.008847403875543272,0.0074883021666125186,0.005337588028017667,0.007649818915742608,0.012802383561950003,0.013293666181333045,0.013014216414841564,0.008507683388628626,0.006947135556902847,0.011725574477939805,0.011182110180230784,0.01093909733230747,0.011611475326283104,0.015369394707197117,0.014031606996526398,0.012017760532534425,0.01051418169570023,0.010103461673993458,0.010768524768999728,0.010276943887651966,0.008690802192245372,0.008651517033827891,0.011160643236263455,0.01479750124164674,0.012873809424718835,0.007761915107706975,0.005170354096499245,0.0066290562718660075,0.008007928841932573,0.007649765297606255,0.005155848557200966,0.003935288975248168,0.004860666842576638,0.009470322211236708,0.005596001520702829,0.00535907947409094,0.006434963759672285,0.01049303218322307,0.005831471867457894,0.009965621949512794,0.010495847349510111
P1,0.0023584039974331437,0.009111001289235657,0.010903991005004401,0.010724722398961578,0.009472507095242269,0.009795344466930624,0.008643118807733316,0.008337819124435042,0.008048586411634282,0.009337848257180986,0.011041851086542692,0.010671913553408276,0.007054362876845237,0.0063113328413373915,0.006562641838287287,0.006077079011982279,0.006199800870734485,0.0049588247148342635,0.006306020335171069,0.0,0.006863590357545506,0.007414900253435494,0.007071115426467083,0.007705991466023012,0.007335636778072027,0.0056422464846068105,0.005596726651468956,0.010301436024645352,0.00992695891776192,0.012444673936505923,0.009068081947694297,0.00809551086693422,0.009667047439331515,0.009216782034708859,0.009086460283221721,0.009766338596499861,0.012612784393218463,0.011149927109943884,0.00989043111219358,0.008819590673754778,0.008557515992918905,0.008947249196131959,0.008422880844071447,0.0075140158677421565,0.007673904541271786,0.009478380227739015,0.011211641956231425,0.01043062540385504,0.007702446901350579,0.0054379678888649054,0.005990193599976593,0.00654870882166731,0.006022468889235048,0.0043968767047551545,0.0036269925994012486,0.005079010154316261,0.010134790772344748,0.004697792284220774,0.004000143810295246,0.004839035485509901,0.00838265663560501,0.004245096508588091,0.010220491966295384,0.008689017312350287
P3,0.002161165042216212,0.007166691924787082,0.008211217497130642,0.007751850159041578,0.007593479428768967,0.007816725258258309,0.006913355965341582,0.0066310112305666,0.007033551938081739,0.008089045145029321,0.008218184944846588,0.008672607199177762,0.008335662986763987,0.006921236183903196,0.006644588151020566,0.006321556493727941,0.005996596030189975,0.006191412277998616,0.0077619840300538435,0.006863590357545506,0.0,0.0051854475450439684,0.006261831711162189,0.005586557599596726,0.006631327408546091,0.00574740525929312,0.004631886483719415,0.005851798946048558,0.005797875350137752,0.010557842601047382,0.009505140652613093,0.006628235005892687,0.006919650337214943,0.0062037514365959655,0.005760902581460177,0.006033357501658066,0.00839356952327756,0.007265271014010554,0.006375740030770934,0.00575045990755981,0.005399831774929105,0.005640318100864023,0.005296765344131187,0.005202784405280181,0.004983674033144397,0.0059360169938557535,0.007282579943408384,0.006877907354560841,0.005245176150138481,0.004075058288287963,0.0043167046972315045,0.004581532658051104,0.004268296947909918,0.0035359186948071574,0.0036617843364935786,0.005121802098759813,0.009978157207819078,0.00497403452629547,0.0035739059361482974,0.0035545344801535595,0.004899976015695485,0.0034049193023458495,0.009714417776388182,0.006489266326754542
P5,0.0017751454687271418,0.00653956970622499,0.006540313620567557,0.006551425145756706,0.006492489192160197,0.006342364808710258,0.006892139118777273,0.006888169278853717,0.0064777908893522635,0.006572756343774735,0.006607483561579844,0.006625699262242653,0.006716572736971441,0.006361594227956786,0.007852098741886318,0.00871257389524657,0.005705873175243333,0.006506053283882199,0.006758972370746756,0.007414900253435494,0.0051854475450439684,0.0,0.005600770210914459,0.007657991768404282,0.0058673316482130665,0.0063154001073788945,0.006586567455203422,0.007771585815265092,0.006869970445820298,0.009865852261670145,0.0087504940481212,0.0062786213049680715,0.006375723869298992,0.0058012792678634245,0.005642454717954127,0.005572472905846788,0.0064344932987563715,0.0063955009376429756,0.005893161020221501,0.005443824092635944,0.005205899813838552,0.005512017897402778,0.005116356262174515,0.004883323248765941,0.005082054535592743,0.005812514772159304,0.006409009653961115,0.006219829718759785,0.005496541010529528,0.004294582397071598,0.004165567693695011,0.003999871194339463,0.0033058855530736088,0.0032749191356501693,0.003906321818250085,0.005489508323589769,0.008777134547408643,0.004704229061727816,0.003111397174098855,0.002582569675610684,0.003700185490955382,0.003639404939310696,0.009142029701898691,0.007086220762859544
P7,0.001439006811316971,0.006845397124390877,0.00688918978113657,0.007161560252390646,0.006923789755283637,0.006773911142041181,0.007289338947466809,0.007851231005942868,0.006635244516415136,0.0068416887034151224,0.007209972067392307,0.007006098082352404,0.006542769669933572,0.0061064413355073335,0.007510274761539417,0.008008667223516817,0.0056336970051690536,0.006343636311233637,0.006850217262970289,0.007071115426467083,0.006261831711162189,0.005600770210914459,0.0,0.008576331813743175,0.007108259377393226,0.0066947469395989565,0.007551910375025534,0.010187018506438357,0.008015281194549279,0.008832198556206563,0.00850267898299397,0.007034266555425951,0.0070417720129043425,0.0065706102464511695,0.006427429767631264,0.006699784538101806,0.007775984627838239,0.00722252460137743,0.006961031533667322,0.006553355904058527,0.006421818093692134,0.006003976920709789,0.005658463301559584,0.0053785631691449405,0.0061859286426982395,0.007020753931642979,0.007271642936812118,0.007174572472428757,0.0067006486232774045,0.005346333410608481,0.004664917493023158,0.004207880363117003,0.0031045180792589,0.0035321531768179038,0.0045359595877836455,0.00628537818814148,0.008242862002297012,0.004601757022457765,0.0030932751738927105,0.0026918864819711653,0.0037310863905953475,0.003495940391561149,0.00847438446701691,0.006249903736137244
P9,0.0012479076617062982,0.0073583137428209384,0.008166642021729864,0.008682142979002473,0.007948856801593419,0.008499960196904001,0.00774642821115307,0.007729807395616436,0.0073712164284912484,0.008052832585387009,0.00906868675036063,0.009406700272861388,0.008004985236105043,0.006451362844602506,0.00624823454782409,0.006527577443931801,0.006185493939621905,0.0067423728393745065,0.008847403875543272,0.007705991466023012,0.005586557599596726,0.007657991768404282,0.008576331813743175,0.0,0.009366669193338178,0.007498944968947078,0.009508429157210447,0.014872102521336743,0.009434689806372172,0.0077556676278059435,0.00888611450075047,0.008883480997197697,0.00771252137576837,0.007209932566812993,0.006533382527085777,0.007464901113950954,0.009870027289124027,0.008961296193981005,0.008278375859669914,0.0074652324968794,0.00681171658224156,0.005870175380412289,0.005094988055590585,0.0053783583553084725,0.007140712824603718,0.008506575695030136,0.009139226682554836,0.009181069468138516,0.008305958664173498,0.006205283331328667,0.0045419378569399455,0.0034829123683647076,0.0026653495517934686,0.0035589864820176507,0.005044804124208588,0.007375225295231716,0.007697978152767061,0.0043981970249777425,0.003565709427613646,0.003087066249097228,0.003222471145135329,0.004131656652785825,0.007632352424048793,0.006680395039310599
PO7,0.0016327256040495248,0.0072702040827667255,0.007711262064599866,0.007594074754079102,0.00727777064398638,0.007857303075095466,0.0073761962815885405,0.007763823874750509,0.0069702398736905275,0.007284284998713387,0.007595159844123003,0.007645080569970996,0.007053407297610085,0.00648295607104477,0.007209312571902586,0.0075376400198735195,0.006548928580978008,0.006802090305477503,0.0074883021666125186,0.007335636778072027,0.006631327408546091,0.0058673316482130665,0.007108259377393226,0.009366669193338178,0.0,0.0064781634582591775,0.008749481611539387,0.01150401601765736,0.009207658307957355,0.009016719092753003,0.008320391917331907,0.007687811155521296,0.007142339753409841,0.006880072895320607,0.0066865084955481996,0.007226367843975242,0.008719251211252499,0.007821914796167704,0.007380329669775407,0.007044013545022839,0.00692075070607208,0.00655502481733274,0.006260081707904039,0.006095942790771928,0.006684989826836439,0.007631283463029478,0.00781107114206449,0.007838924995179715,0.007269673551624449,0.005869732829743775,0.00530307975276592,0.004631090405286757,0.0038925177997183457,0.003909877287589182,0.004764786651245758,0.006549253273090574,0.007830082918149656,0.004719649846804951,0.0032092045598892324,0.0031312636998286057,0.005611826839270887,0.0035171728478200913,0.008293569022222473,0.007338275221373999
PO3,0.0024951588565224232,0.005415532951250554,0.00591675041477129,0.005321126384993479,0.005122920162670429,0.005767588159397268,0.00557439387585639,0.006096711243128784,0.005214638543079455,0.005104886614126272,0.005171972496728076,0.005139969336517012,0.005176684415744044,0.005222092148175192,0.005693709044970111,0.0058461150186269045,0.005375590104169458,0.005656575517380425,0.005337588028017667,0.0056422464846068105,0.00574740525929312,0.0063154001073788945,0.0066947469395989565,0.007498944968947078,0.0064781634582591775,0.0,0.006705537346826173,0.007894841714809074,0.006845069970926258,0.010030233768532954,0.006038352399808008,0.004969734513253606,0.00553171234647056,0.005380765895591325,0.005353387947079215,0.005656757441702057,0.00686192731910702,0.005610851494935246,0.005285763422531841,0.0053129022709616875,0.0052815230116675296,0.005253230903164782,0.005198959792454886,0.004624559563786038,0.00482972491323704,0.005215126964946749,0.005315387596278393,0.005165006025213928,0.00481518689153588,0.004067614558173882,0.003921736345942564,0.0038644182031703105,0.003134157033430436,0.002893149487025174,0.0031443146254241643,0.00423239404121534,0.008153979268068845,0.0036056057012456566,0.00221452108380371,0.0024497598259939314,0.004471342061677182,0.0026370904515983858,0.009896998504854123,0.005511583166214495
O1,0.00173498463491929,0.007672015103542587,0.008832447177729743,0.008622386747465448,0.007759456048436848,0.00834525600678528,0.007471375229538889,0.007497428143674703,0.006979823792468935,0.007790436494769912,0.008857687058425809,0.008803200422601734,0.007052629282853228,0.006048033425503623,0.006131990743838651,0.0062233321638550994,0.005384140533092554,0.005549316269574174,0.007649818915742608,0.005596726651468956,0.004631886483719415,0.006586567455203422,0.007551910375025534,0.009508429157210447,0.008749481611539387,0.006705537346826173,0.0,0.012236062966985655,0.009043628056457864,0.009898464481828309,0.007862360989418673,0.008210531758385086,0.008071102852063666,0.007770537932511313,0.007533602687063463,0.008369369165733232,0.010399341059395766,0.009096520779515279,0.00846003759851876,0.007831988306815654,0.007529802460236703,0.007345373398825826,0.006869728176961228,0.006384838374064023,0.00716419974370666,0.0084544601112541,0.009146965255688559,0.008956530026870777,0.00784423889676294,0.005857029654587635,0.005240413388997381,0.004854984843712412,0.0039464713368234155,0.003651649965675083,0.0043659756015090485,0.006247697585556148,0.007905627175202599,0.004264272343638013,0.00320584582359752,0.003205806792829495,0.00636771627596221,0.0038099049198938827,0.008504747238746288,0.006488692569172232
Iz,0.0014116736108254581,0.007864235885967387,0.009567980449629442,0.010285990127340976,0.009133068369816796,0.008848086194920996,0.007284411995786659,0.0072286227147112265,0.0077725116464968155,0.009758496769731968,0.011177552148258664,0.012396033296249808,0.010318141275451526,0.007095330592205579,0.006218804621803852,0.0074729842937350304,0.006321297491819437,0.008942891977355866,0.012802383561950003,0.010301436024645352,0.005851798946048558,0.007771585815265092,0.010187018506438357,0.014872102521336743,0.01150401601765736,0.007894841714809074,0.012236062966985655,0.0,0.010762999436243365,0.009913547779710414,0.010292793201464784,0.011454174505399812,0.008472280060915792,0.007895651640136116,0.007507133225463107,0.008706274186230174,0.011192217271832023,0.010377813990752499,0.009398782551673932,0.008336103421220481,0.007453083801493172,0.007447726654697083,0.0067619758658412485,0.006280533832823975,0.007505537160267426,0.009605603105137984,0.010866028639485076,0.011378575851270433,0.009436576712257193,0.006663587951488787,0.0054282968768195276,0.004966917977924289,0.005100258509741995,0.0045488048970244,0.005523390544570838,0.00825113614093518,0.008555647144015676,0.005854267555542784,0.006188397107862686,0.006775344312571484,0.008668033068503184,0.008606700740285472,0.010298486116486429,0.009231406526172816
Oz,0.0018727303515350103,0.009955131387100576,0.01159973485277978,0.012021387608009304,0.011061555128111909,0.01118601994885947,0.009605026097915687,0.009579114056547497,0.009848733781171582,0.011767649360483998,0.012731503937059433,0.013649737197685733,0.012005078421715464,0.009053521956150893,0.007137582092469677,0.006615291250171447,0.006981407600031762,0.010206629093909013,0.013293666181333045,0.00992695891776192,0.005797875350137752,0.006869970445820298,0.008015281194549279,0.009434689806372172,0.009207658307957355,0.006845069970926258,0.009043628056457864,0.010762999436243365,0.0,0.00834275779855204,0.008860885599642834,0.010850575131379946,0.010245518130750194,0.009444577305092171,0.009056124501944594,0.010003219118058314,0.012965600594588423,0.011719360817004199,0.010421516221857607,0.009289694457502428,0.008586327794540443,0.008969361861770622,0.008074772294273535,0.007252915007421767,0.008067459143436699,0.010123179833174819,0.011915076495802644,0.011804238899693826,0.009135423377529863,0.006522328529520122,0.006010691422308964,0.0060086926695418034,0.0051947466437586255,0.004254557764610616,0.004522137776857022,0.006776759645712594,0.007215561467881579,0.004546902173181724,0.004348517462509506,0.005110028427172924,0.007852136598163455,0.006160803235409853,0.009141000944615747,0.0054085488139091345
